19.00|0.00|27.90|0.00|1.00|3.00
18.00|1.00|33.77|1.00|0.00|2.00
28.00|1.00|33.00|3.00|0.00|2.00
33.00|1.00|22.70|0.00|0.00|1.00
32.00|1.00|28.88|0.00|0.00|1.00
31.00|0.00|25.74|0.00|0.00|2.00
46.00|0.00|33.44|1.00|0.00|2.00
37.00|0.00|27.74|3.00|0.00|1.00
37.00|1.00|29.83|2.00|0.00|0.00
60.00|0.00|25.84|0.00|0.00|1.00
25.00|1.00|26.22|0.00|0.00|0.00
62.00|0.00|26.29|0.00|1.00|2.00
23.00|1.00|34.40|0.00|0.00|3.00
56.00|0.00|39.82|0.00|0.00|2.00
27.00|1.00|42.13|0.00|1.00|2.00
19.00|1.00|24.60|1.00|0.00|3.00
52.00|0.00|30.78|1.00|0.00|0.00
23.00|1.00|23.84|0.00|0.00|0.00
56.00|1.00|40.30|0.00|0.00|3.00
30.00|1.00|35.30|0.00|1.00|3.00
60.00|0.00|36.01|0.00|0.00|0.00
30.00|0.00|32.40|1.00|0.00|3.00
18.00|1.00|34.10|0.00|0.00|2.00
34.00|0.00|31.92|1.00|1.00|0.00
37.00|1.00|28.02|2.00|0.00|1.00
59.00|0.00|27.72|3.00|0.00|2.00
63.00|0.00|23.09|0.00|0.00|0.00
55.00|0.00|32.77|2.00|0.00|1.00
23.00|1.00|17.39|1.00|0.00|1.00
31.00|1.00|36.30|2.00|1.00|3.00
22.00|1.00|35.60|0.00|1.00|3.00
18.00|0.00|26.32|0.00|0.00|0.00
19.00|0.00|28.60|5.00|0.00|3.00
63.00|1.00|28.31|0.00|0.00|1.00
28.00|1.00|36.40|1.00|1.00|3.00
19.00|1.00|20.43|0.00|0.00|1.00
62.00|0.00|32.97|3.00|0.00|1.00
26.00|1.00|20.80|0.00|0.00|3.00
35.00|1.00|36.67|1.00|1.00|0.00
60.00|1.00|39.90|0.00|1.00|3.00
24.00|0.00|26.60|0.00|0.00|0.00
31.00|0.00|36.63|2.00|0.00|2.00
41.00|1.00|21.78|1.00|0.00|2.00
37.00|0.00|30.80|2.00|0.00|2.00
38.00|1.00|37.05|1.00|0.00|0.00
55.00|1.00|37.30|0.00|0.00|3.00
18.00|0.00|38.66|2.00|0.00|0.00
28.00|0.00|34.77|0.00|0.00|1.00
60.00|0.00|24.53|0.00|0.00|2.00
36.00|1.00|35.20|1.00|1.00|2.00
18.00|0.00|35.62|0.00|0.00|0.00
21.00|0.00|33.63|2.00|0.00|1.00
48.00|1.00|28.00|1.00|1.00|3.00
36.00|1.00|34.43|0.00|1.00|2.00
40.00|0.00|28.69|3.00|0.00|1.00
58.00|1.00|36.95|2.00|1.00|1.00
58.00|0.00|31.82|2.00|0.00|0.00
18.00|1.00|31.68|2.00|1.00|2.00
53.00|0.00|22.88|1.00|1.00|2.00
34.00|0.00|37.34|2.00|0.00|1.00
43.00|1.00|27.36|3.00|0.00|0.00
25.00|1.00|33.66|4.00|0.00|2.00
64.00|1.00|24.70|1.00|0.00|1.00
28.00|0.00|25.93|1.00|0.00|1.00
20.00|0.00|22.42|0.00|1.00|1.00
19.00|0.00|28.90|0.00|0.00|3.00
61.00|0.00|39.10|2.00|0.00|3.00
40.00|1.00|26.32|1.00|0.00|1.00
40.00|0.00|36.19|0.00|0.00|2.00
28.00|1.00|23.98|3.00|1.00|2.00
27.00|0.00|24.75|0.00|1.00|2.00
31.00|1.00|28.50|5.00|0.00|0.00
53.00|0.00|28.10|3.00|0.00|3.00
58.00|1.00|32.01|1.00|0.00|2.00
44.00|1.00|27.40|2.00|0.00|3.00
57.00|1.00|34.01|0.00|0.00|1.00
29.00|0.00|29.59|1.00|0.00|2.00
21.00|1.00|35.53|0.00|0.00|2.00
22.00|0.00|39.80|0.00|0.00|0.00
41.00|0.00|32.97|0.00|0.00|1.00
31.00|1.00|26.89|1.00|0.00|0.00
45.00|0.00|38.28|0.00|0.00|0.00
22.00|1.00|37.62|1.00|1.00|2.00
48.00|0.00|41.23|4.00|0.00|1.00
37.00|0.00|34.80|2.00|1.00|3.00
45.00|1.00|22.89|2.00|1.00|1.00
57.00|0.00|31.16|0.00|1.00|1.00
56.00|0.00|27.20|0.00|0.00|3.00
46.00|0.00|27.74|0.00|0.00|1.00
55.00|0.00|26.98|0.00|0.00|1.00
21.00|0.00|39.49|0.00|0.00|2.00
53.00|0.00|24.80|1.00|0.00|1.00
59.00|1.00|29.83|3.00|1.00|0.00
35.00|1.00|34.77|2.00|0.00|1.00
64.00|0.00|31.30|2.00|1.00|3.00
28.00|0.00|37.62|1.00|0.00|2.00
54.00|0.00|30.80|3.00|0.00|3.00
55.00|1.00|38.28|0.00|0.00|2.00
56.00|1.00|19.95|0.00|1.00|0.00
38.00|1.00|19.30|0.00|1.00|3.00
41.00|0.00|31.60|0.00|0.00|3.00
30.00|1.00|25.46|0.00|0.00|0.00
18.00|0.00|30.11|0.00|0.00|0.00
61.00|0.00|29.92|3.00|1.00|2.00
34.00|0.00|27.50|1.00|0.00|3.00
20.00|1.00|28.02|1.00|1.00|1.00
19.00|0.00|28.40|1.00|0.00|3.00
26.00|1.00|30.88|2.00|0.00|1.00
29.00|1.00|27.94|0.00|0.00|2.00
63.00|1.00|35.09|0.00|1.00|2.00
54.00|1.00|33.63|1.00|0.00|1.00
55.00|0.00|29.70|2.00|0.00|3.00
37.00|1.00|30.80|0.00|0.00|3.00
21.00|0.00|35.72|0.00|0.00|1.00
52.00|1.00|32.20|3.00|0.00|0.00
60.00|1.00|28.59|0.00|0.00|0.00
58.00|1.00|49.06|0.00|0.00|2.00
29.00|0.00|27.94|1.00|1.00|2.00
49.00|0.00|27.17|0.00|0.00|2.00
37.00|0.00|23.37|2.00|0.00|1.00
44.00|1.00|37.10|2.00|0.00|3.00
18.00|1.00|23.75|0.00|0.00|0.00
20.00|0.00|28.98|0.00|0.00|1.00
44.00|1.00|31.35|1.00|1.00|0.00
47.00|0.00|33.91|3.00|0.00|1.00
26.00|0.00|28.79|0.00|0.00|0.00
19.00|0.00|28.30|0.00|1.00|3.00
52.00|0.00|37.40|0.00|0.00|3.00
32.00|0.00|17.77|2.00|1.00|1.00
38.00|1.00|34.70|2.00|0.00|3.00
59.00|0.00|26.50|0.00|0.00|0.00
61.00|0.00|22.04|0.00|0.00|0.00
53.00|0.00|35.90|2.00|0.00|3.00
19.00|1.00|25.55|0.00|0.00|1.00
20.00|0.00|28.79|0.00|0.00|0.00
22.00|0.00|28.05|0.00|0.00|2.00
19.00|1.00|34.10|0.00|0.00|3.00
22.00|1.00|25.18|0.00|0.00|1.00
54.00|0.00|31.90|3.00|0.00|2.00
22.00|0.00|36.00|0.00|0.00|3.00
34.00|1.00|22.42|2.00|0.00|0.00
26.00|1.00|32.49|1.00|0.00|0.00
34.00|1.00|25.30|2.00|1.00|2.00
29.00|1.00|29.73|2.00|0.00|1.00
30.00|1.00|28.69|3.00|1.00|1.00
29.00|0.00|38.83|3.00|0.00|2.00
46.00|1.00|30.50|3.00|1.00|1.00
51.00|0.00|37.73|1.00|0.00|2.00
53.00|0.00|37.43|1.00|0.00|1.00
19.00|1.00|28.40|1.00|0.00|3.00
35.00|1.00|24.13|1.00|0.00|1.00
48.00|1.00|29.70|0.00|0.00|2.00
32.00|0.00|37.15|3.00|0.00|0.00
42.00|0.00|23.37|0.00|1.00|0.00
40.00|0.00|25.46|1.00|0.00|0.00
44.00|1.00|39.52|0.00|0.00|1.00
48.00|1.00|24.42|0.00|1.00|2.00
18.00|1.00|25.18|0.00|1.00|0.00
30.00|1.00|35.53|0.00|1.00|2.00
50.00|0.00|27.83|3.00|0.00|2.00
42.00|0.00|26.60|0.00|1.00|1.00
18.00|0.00|36.85|0.00|1.00|2.00
54.00|1.00|39.60|1.00|0.00|3.00
32.00|0.00|29.80|2.00|0.00|3.00
37.00|1.00|29.64|0.00|0.00|1.00
47.00|1.00|28.21|4.00|0.00|0.00
20.00|0.00|37.00|5.00|0.00|3.00
32.00|0.00|33.16|3.00|0.00|1.00
19.00|0.00|31.82|1.00|0.00|1.00
27.00|1.00|18.91|3.00|0.00|0.00
63.00|1.00|41.47|0.00|0.00|2.00
49.00|1.00|30.30|0.00|0.00|3.00
18.00|1.00|15.96|0.00|0.00|0.00
35.00|0.00|34.80|1.00|0.00|3.00
24.00|0.00|33.34|0.00|0.00|1.00
63.00|0.00|37.70|0.00|1.00|3.00
38.00|1.00|27.84|2.00|0.00|1.00
54.00|1.00|29.20|1.00|0.00|3.00
46.00|0.00|28.90|2.00|0.00|3.00
41.00|0.00|33.16|3.00|0.00|0.00
58.00|1.00|28.59|0.00|0.00|1.00
18.00|0.00|38.28|0.00|0.00|2.00
22.00|1.00|19.95|3.00|0.00|0.00
44.00|0.00|26.41|0.00|0.00|1.00
44.00|1.00|30.69|2.00|0.00|2.00
36.00|1.00|41.90|3.00|1.00|0.00
26.00|0.00|29.92|2.00|0.00|2.00
30.00|0.00|30.90|3.00|0.00|3.00
41.00|0.00|32.20|1.00|0.00|3.00
29.00|0.00|32.11|2.00|0.00|1.00
61.00|1.00|31.57|0.00|0.00|2.00
36.00|0.00|26.20|0.00|0.00|3.00
25.00|1.00|25.74|0.00|0.00|2.00
56.00|0.00|26.60|1.00|0.00|1.00
18.00|1.00|34.43|0.00|0.00|2.00
19.00|1.00|30.59|0.00|0.00|1.00
39.00|0.00|32.80|0.00|0.00|3.00
45.00|0.00|28.60|2.00|0.00|2.00
51.00|0.00|18.05|0.00|0.00|1.00
64.00|0.00|39.33|0.00|0.00|0.00
19.00|0.00|32.11|0.00|0.00|1.00
48.00|0.00|32.23|1.00|0.00|2.00
60.00|0.00|24.04|0.00|0.00|1.00
27.00|0.00|36.08|0.00|1.00|2.00
46.00|1.00|22.30|0.00|0.00|3.00
28.00|0.00|28.88|1.00|0.00|0.00
59.00|1.00|26.40|0.00|0.00|2.00
35.00|1.00|27.74|2.00|1.00|0.00
63.00|0.00|31.80|0.00|0.00|3.00
40.00|1.00|41.23|1.00|0.00|0.00
20.00|1.00|33.00|1.00|0.00|3.00
40.00|1.00|30.88|4.00|0.00|1.00
24.00|1.00|28.50|2.00|0.00|1.00
34.00|0.00|26.73|1.00|0.00|2.00
45.00|0.00|30.90|2.00|0.00|3.00
41.00|0.00|37.10|2.00|0.00|3.00
53.00|0.00|26.60|0.00|0.00|1.00
27.00|1.00|23.10|0.00|0.00|2.00
26.00|0.00|29.92|1.00|0.00|2.00
24.00|0.00|23.21|0.00|0.00|2.00
34.00|0.00|33.70|1.00|0.00|3.00
53.00|0.00|33.25|0.00|0.00|0.00
32.00|1.00|30.80|3.00|0.00|3.00
19.00|1.00|34.80|0.00|1.00|3.00
42.00|1.00|24.64|0.00|1.00|2.00
55.00|1.00|33.88|3.00|0.00|2.00
28.00|1.00|38.06|0.00|0.00|2.00
58.00|0.00|41.91|0.00|0.00|2.00
41.00|0.00|31.64|1.00|0.00|0.00
47.00|1.00|25.46|2.00|0.00|0.00
42.00|0.00|36.20|1.00|0.00|1.00
59.00|0.00|27.83|3.00|0.00|2.00
19.00|0.00|17.80|0.00|0.00|3.00
59.00|1.00|27.50|1.00|0.00|3.00
39.00|1.00|24.51|2.00|0.00|1.00
40.00|0.00|22.22|2.00|1.00|2.00
18.00|0.00|26.73|0.00|0.00|2.00
31.00|1.00|38.39|2.00|0.00|2.00
19.00|1.00|29.07|0.00|1.00|1.00
44.00|1.00|38.06|1.00|0.00|2.00
23.00|0.00|36.67|2.00|1.00|0.00
33.00|0.00|22.14|1.00|0.00|0.00
55.00|0.00|26.80|1.00|0.00|3.00
40.00|1.00|35.30|3.00|0.00|3.00
63.00|0.00|27.74|0.00|1.00|0.00
54.00|1.00|30.02|0.00|0.00|1.00
60.00|0.00|38.06|0.00|0.00|2.00
24.00|1.00|35.86|0.00|0.00|2.00
19.00|1.00|20.90|1.00|0.00|3.00
29.00|1.00|28.98|1.00|0.00|0.00
18.00|1.00|17.29|2.00|1.00|0.00
63.00|0.00|32.20|2.00|1.00|3.00
54.00|1.00|34.21|2.00|1.00|2.00
27.00|1.00|30.30|3.00|0.00|3.00
50.00|1.00|31.82|0.00|1.00|0.00
55.00|0.00|25.36|3.00|0.00|0.00
56.00|1.00|33.63|0.00|1.00|1.00
38.00|0.00|40.15|0.00|0.00|2.00
51.00|1.00|24.41|4.00|0.00|1.00
19.00|1.00|31.92|0.00|1.00|1.00
58.00|0.00|25.20|0.00|0.00|3.00
20.00|0.00|26.84|1.00|1.00|2.00
52.00|1.00|24.32|3.00|1.00|0.00
19.00|1.00|36.95|0.00|1.00|1.00
53.00|0.00|38.06|3.00|0.00|2.00
46.00|1.00|42.35|3.00|1.00|2.00
40.00|1.00|19.80|1.00|1.00|2.00
59.00|0.00|32.40|3.00|0.00|0.00
45.00|1.00|30.20|1.00|0.00|3.00
49.00|1.00|25.84|1.00|0.00|0.00
18.00|1.00|29.37|1.00|0.00|2.00
50.00|1.00|34.20|2.00|1.00|3.00
41.00|1.00|37.05|2.00|0.00|1.00
50.00|1.00|27.45|1.00|0.00|0.00
25.00|1.00|27.55|0.00|0.00|1.00
47.00|0.00|26.60|2.00|0.00|0.00
19.00|1.00|20.61|2.00|0.00|1.00
22.00|0.00|24.30|0.00|0.00|3.00
59.00|1.00|31.79|2.00|0.00|2.00
51.00|0.00|21.56|1.00|0.00|2.00
40.00|0.00|28.12|1.00|1.00|0.00
54.00|1.00|40.56|3.00|1.00|0.00
30.00|1.00|27.64|1.00|0.00|0.00
55.00|0.00|32.40|1.00|0.00|0.00
52.00|0.00|31.20|0.00|0.00|3.00
46.00|1.00|26.62|1.00|0.00|2.00
46.00|0.00|48.07|2.00|0.00|0.00
63.00|0.00|26.22|0.00|0.00|1.00
59.00|0.00|36.77|1.00|1.00|0.00
52.00|1.00|26.40|3.00|0.00|2.00
28.00|0.00|33.40|0.00|0.00|3.00
29.00|1.00|29.64|1.00|0.00|0.00
25.00|1.00|45.54|2.00|1.00|2.00
22.00|0.00|28.82|0.00|0.00|2.00
25.00|1.00|26.80|3.00|0.00|3.00
18.00|1.00|22.99|0.00|0.00|0.00
19.00|1.00|27.70|0.00|1.00|3.00
47.00|1.00|25.41|1.00|1.00|2.00
31.00|1.00|34.39|3.00|1.00|1.00
48.00|0.00|28.88|1.00|0.00|1.00
36.00|1.00|27.55|3.00|0.00|0.00
53.00|0.00|22.61|3.00|1.00|0.00
56.00|0.00|37.51|2.00|0.00|2.00
28.00|0.00|33.00|2.00|0.00|2.00
57.00|0.00|38.00|2.00|0.00|3.00
29.00|1.00|33.34|2.00|0.00|1.00
28.00|0.00|27.50|2.00|0.00|3.00
30.00|0.00|33.33|1.00|0.00|2.00
58.00|1.00|34.87|0.00|0.00|0.00
41.00|0.00|33.06|2.00|0.00|1.00
50.00|1.00|26.60|0.00|0.00|3.00
19.00|0.00|24.70|0.00|0.00|3.00
43.00|1.00|35.97|3.00|1.00|2.00
49.00|1.00|35.86|0.00|0.00|2.00
27.00|0.00|31.40|0.00|1.00|3.00
52.00|1.00|33.25|0.00|0.00|0.00
50.00|1.00|32.20|0.00|0.00|1.00
54.00|1.00|32.77|0.00|0.00|0.00
44.00|0.00|27.64|0.00|0.00|1.00
32.00|1.00|37.34|1.00|0.00|0.00
34.00|1.00|25.27|1.00|0.00|1.00
26.00|0.00|29.64|4.00|0.00|0.00
34.00|1.00|30.80|0.00|1.00|3.00
57.00|1.00|40.95|0.00|0.00|0.00
29.00|1.00|27.20|0.00|0.00|3.00
40.00|1.00|34.10|1.00|0.00|0.00
27.00|0.00|23.21|1.00|0.00|2.00
45.00|1.00|36.48|2.00|1.00|1.00
64.00|0.00|33.80|1.00|1.00|3.00
52.00|1.00|36.70|0.00|0.00|3.00
61.00|0.00|36.38|1.00|1.00|0.00
52.00|1.00|27.36|0.00|1.00|1.00
61.00|0.00|31.16|0.00|0.00|1.00
56.00|0.00|28.79|0.00|0.00|0.00
43.00|0.00|35.72|2.00|0.00|0.00
64.00|1.00|34.50|0.00|0.00|3.00
60.00|1.00|25.74|0.00|0.00|2.00
62.00|1.00|27.55|1.00|0.00|1.00
50.00|1.00|32.30|1.00|1.00|0.00
46.00|0.00|27.72|1.00|0.00|2.00
24.00|0.00|27.60|0.00|0.00|3.00
62.00|1.00|30.02|0.00|0.00|1.00
60.00|0.00|27.55|0.00|0.00|0.00
63.00|1.00|36.77|0.00|0.00|0.00
49.00|0.00|41.47|4.00|0.00|2.00
34.00|0.00|29.26|3.00|0.00|2.00
33.00|1.00|35.75|2.00|0.00|2.00
46.00|1.00|33.34|1.00|0.00|0.00
36.00|0.00|29.92|1.00|0.00|2.00
19.00|1.00|27.84|0.00|0.00|1.00
57.00|0.00|23.18|0.00|0.00|1.00
50.00|0.00|25.60|0.00|0.00|3.00
30.00|0.00|27.70|0.00|0.00|3.00
33.00|1.00|35.24|0.00|0.00|0.00
18.00|0.00|38.28|0.00|0.00|2.00
46.00|1.00|27.60|0.00|0.00|3.00
46.00|1.00|43.89|3.00|0.00|2.00
47.00|1.00|29.83|3.00|0.00|1.00
23.00|1.00|41.91|0.00|0.00|2.00
18.00|0.00|20.79|0.00|0.00|2.00
48.00|0.00|32.30|2.00|0.00|0.00
35.00|1.00|30.50|1.00|0.00|3.00
19.00|0.00|21.70|0.00|1.00|3.00
21.00|0.00|26.40|1.00|0.00|3.00
21.00|0.00|21.89|2.00|0.00|2.00
49.00|0.00|30.78|1.00|0.00|0.00
56.00|0.00|32.30|3.00|0.00|0.00
42.00|0.00|24.98|2.00|0.00|1.00
44.00|1.00|32.02|2.00|0.00|1.00
18.00|1.00|30.40|3.00|0.00|0.00
61.00|0.00|21.09|0.00|0.00|1.00
57.00|0.00|22.23|0.00|0.00|0.00
42.00|0.00|33.16|1.00|0.00|0.00
26.00|1.00|32.90|2.00|1.00|3.00
20.00|1.00|33.33|0.00|0.00|2.00
23.00|0.00|28.31|0.00|1.00|1.00
39.00|0.00|24.89|3.00|1.00|0.00
24.00|1.00|40.15|0.00|1.00|2.00
64.00|0.00|30.11|3.00|0.00|1.00
62.00|1.00|31.46|1.00|0.00|2.00
27.00|0.00|17.95|2.00|1.00|0.00
55.00|1.00|30.68|0.00|1.00|0.00
55.00|1.00|33.00|0.00|0.00|2.00
35.00|0.00|43.34|2.00|0.00|2.00
44.00|1.00|22.14|2.00|0.00|0.00
19.00|1.00|34.40|0.00|0.00|3.00
58.00|0.00|39.05|0.00|0.00|2.00
50.00|1.00|25.36|2.00|0.00|1.00
26.00|0.00|22.61|0.00|0.00|1.00
24.00|0.00|30.21|3.00|0.00|1.00
48.00|1.00|35.62|4.00|0.00|0.00
19.00|0.00|37.43|0.00|0.00|1.00
48.00|1.00|31.45|1.00|0.00|0.00
49.00|1.00|31.35|1.00|0.00|0.00
46.00|0.00|32.30|2.00|0.00|0.00
46.00|1.00|19.86|0.00|0.00|1.00
43.00|0.00|34.40|3.00|0.00|3.00
21.00|1.00|31.02|0.00|0.00|2.00
64.00|1.00|25.60|2.00|0.00|3.00
18.00|0.00|38.17|0.00|0.00|2.00
51.00|0.00|20.60|0.00|0.00|3.00
47.00|1.00|47.52|1.00|0.00|2.00
64.00|0.00|32.97|0.00|0.00|1.00
49.00|1.00|32.30|3.00|0.00|1.00
31.00|1.00|20.40|0.00|0.00|3.00
52.00|0.00|38.38|2.00|0.00|0.00
33.00|0.00|24.31|0.00|0.00|2.00
47.00|0.00|23.60|1.00|0.00|3.00
38.00|1.00|21.12|3.00|0.00|2.00
32.00|1.00|30.03|1.00|0.00|2.00
19.00|1.00|17.48|0.00|0.00|1.00
44.00|0.00|20.23|1.00|1.00|0.00
26.00|0.00|17.20|2.00|1.00|0.00
25.00|1.00|23.90|5.00|0.00|3.00
19.00|0.00|35.15|0.00|0.00|1.00
43.00|0.00|35.64|1.00|0.00|2.00
52.00|1.00|34.10|0.00|0.00|2.00
36.00|0.00|22.60|2.00|1.00|3.00
64.00|1.00|39.16|1.00|0.00|2.00
63.00|0.00|26.98|0.00|1.00|1.00
64.00|1.00|33.88|0.00|1.00|2.00
61.00|1.00|35.86|0.00|1.00|2.00
40.00|1.00|32.77|1.00|1.00|0.00
25.00|1.00|30.59|0.00|0.00|0.00
48.00|1.00|30.20|2.00|0.00|3.00
45.00|1.00|24.31|5.00|0.00|2.00
38.00|0.00|27.27|1.00|0.00|0.00
18.00|0.00|29.16|0.00|0.00|0.00
21.00|0.00|16.82|1.00|0.00|0.00
27.00|0.00|30.40|3.00|0.00|1.00
19.00|1.00|33.10|0.00|0.00|3.00
29.00|0.00|20.23|2.00|0.00|1.00
42.00|1.00|26.90|0.00|0.00|3.00
60.00|0.00|30.50|0.00|0.00|3.00
31.00|1.00|28.59|1.00|0.00|1.00
60.00|1.00|33.11|3.00|0.00|2.00
22.00|1.00|31.73|0.00|0.00|0.00
35.00|1.00|28.90|3.00|0.00|3.00
52.00|0.00|46.75|5.00|0.00|2.00
26.00|1.00|29.45|0.00|0.00|0.00
31.00|0.00|32.68|1.00|0.00|1.00
33.00|0.00|33.50|0.00|1.00|3.00
18.00|1.00|43.01|0.00|0.00|2.00
59.00|0.00|36.52|1.00|0.00|2.00
56.00|1.00|26.70|1.00|1.00|1.00
45.00|0.00|33.10|0.00|0.00|3.00
60.00|1.00|29.64|0.00|0.00|0.00
56.00|0.00|25.65|0.00|0.00|1.00
40.00|0.00|29.60|0.00|0.00|3.00
35.00|1.00|38.60|1.00|0.00|3.00
39.00|1.00|29.60|4.00|0.00|3.00
30.00|1.00|24.13|1.00|0.00|1.00
24.00|1.00|23.40|0.00|0.00|3.00
20.00|1.00|29.73|0.00|0.00|1.00
32.00|1.00|46.53|2.00|0.00|2.00
59.00|1.00|37.40|0.00|0.00|3.00
55.00|0.00|30.14|2.00|0.00|2.00
57.00|0.00|30.50|0.00|0.00|1.00
56.00|1.00|39.60|0.00|0.00|3.00
40.00|0.00|33.00|3.00|0.00|2.00
49.00|0.00|36.63|3.00|0.00|2.00
42.00|1.00|30.00|0.00|1.00|3.00
62.00|0.00|38.09|2.00|0.00|0.00
56.00|1.00|25.93|0.00|0.00|0.00
19.00|1.00|25.18|0.00|0.00|1.00
30.00|0.00|28.38|1.00|1.00|2.00
60.00|0.00|28.70|1.00|0.00|3.00
56.00|0.00|33.82|2.00|0.00|1.00
28.00|0.00|24.32|1.00|0.00|0.00
18.00|0.00|24.09|1.00|0.00|2.00
27.00|1.00|32.67|0.00|0.00|2.00
18.00|0.00|30.11|0.00|0.00|0.00
19.00|0.00|29.80|0.00|0.00|3.00
47.00|0.00|33.34|0.00|0.00|0.00
54.00|1.00|25.10|3.00|1.00|3.00
61.00|1.00|28.31|1.00|1.00|1.00
24.00|1.00|28.50|0.00|1.00|0.00
25.00|1.00|35.62|0.00|0.00|1.00
21.00|1.00|36.85|0.00|0.00|2.00
23.00|1.00|32.56|0.00|0.00|2.00
63.00|1.00|41.33|3.00|0.00|1.00
49.00|1.00|37.51|2.00|0.00|2.00
18.00|0.00|31.35|0.00|0.00|2.00
51.00|0.00|39.50|1.00|0.00|3.00
48.00|1.00|34.30|3.00|0.00|3.00
31.00|0.00|31.07|0.00|0.00|0.00
54.00|0.00|21.47|3.00|0.00|1.00
19.00|1.00|28.70|0.00|0.00|3.00
44.00|0.00|38.06|0.00|1.00|2.00
53.00|1.00|31.16|1.00|0.00|1.00
19.00|0.00|32.90|0.00|0.00|3.00
61.00|0.00|25.08|0.00|0.00|2.00
18.00|0.00|25.08|0.00|0.00|0.00
61.00|1.00|43.40|0.00|0.00|3.00
21.00|1.00|25.70|4.00|1.00|3.00
20.00|1.00|27.93|0.00|0.00|0.00
31.00|0.00|23.60|2.00|0.00|3.00
45.00|1.00|28.70|2.00|0.00|3.00
44.00|0.00|23.98|2.00|0.00|2.00
62.00|0.00|39.20|0.00|0.00|3.00
29.00|1.00|34.40|0.00|1.00|3.00
43.00|1.00|26.03|0.00|0.00|0.00
51.00|1.00|23.21|1.00|1.00|2.00
19.00|1.00|30.25|0.00|1.00|2.00
38.00|0.00|28.93|1.00|0.00|2.00
37.00|1.00|30.88|3.00|0.00|1.00
22.00|1.00|31.35|1.00|0.00|1.00
21.00|1.00|23.75|2.00|0.00|1.00
24.00|0.00|25.27|0.00|0.00|0.00
57.00|0.00|28.70|0.00|0.00|3.00
56.00|1.00|32.11|1.00|0.00|0.00
27.00|1.00|33.66|0.00|0.00|2.00
51.00|1.00|22.42|0.00|0.00|0.00
19.00|1.00|30.40|0.00|0.00|3.00
39.00|1.00|28.30|1.00|1.00|3.00
58.00|1.00|35.70|0.00|0.00|3.00
20.00|1.00|35.31|1.00|0.00|2.00
45.00|1.00|30.50|2.00|0.00|1.00
35.00|0.00|31.00|1.00|0.00|3.00
31.00|1.00|30.88|0.00|0.00|0.00
50.00|0.00|27.36|0.00|0.00|0.00
32.00|0.00|44.22|0.00|0.00|2.00
51.00|0.00|33.91|0.00|0.00|0.00
38.00|0.00|37.73|0.00|0.00|2.00
42.00|1.00|26.07|1.00|1.00|2.00
18.00|0.00|33.88|0.00|0.00|2.00
19.00|0.00|30.59|2.00|0.00|1.00
51.00|0.00|25.80|1.00|0.00|3.00
46.00|1.00|39.42|1.00|0.00|0.00
18.00|1.00|25.46|0.00|0.00|0.00
57.00|1.00|42.13|1.00|1.00|2.00
62.00|0.00|31.73|0.00|0.00|0.00
59.00|1.00|29.70|2.00|0.00|2.00
37.00|1.00|36.19|0.00|0.00|2.00
64.00|1.00|40.48|0.00|0.00|2.00
38.00|1.00|28.02|1.00|0.00|0.00
33.00|0.00|38.90|3.00|0.00|3.00
46.00|0.00|30.20|2.00|0.00|3.00
46.00|0.00|28.05|1.00|0.00|2.00
53.00|1.00|31.35|0.00|0.00|2.00
34.00|0.00|38.00|3.00|0.00|3.00
20.00|0.00|31.79|2.00|0.00|2.00
63.00|0.00|36.30|0.00|0.00|2.00
54.00|0.00|47.41|0.00|1.00|2.00
54.00|1.00|30.21|0.00|0.00|1.00
49.00|1.00|25.84|2.00|1.00|1.00
28.00|1.00|35.44|0.00|0.00|0.00
54.00|0.00|46.70|2.00|0.00|3.00
25.00|0.00|28.59|0.00|0.00|0.00
43.00|0.00|46.20|0.00|1.00|2.00
63.00|1.00|30.80|0.00|0.00|3.00
32.00|0.00|28.93|0.00|0.00|2.00
62.00|1.00|21.40|0.00|0.00|3.00
52.00|0.00|31.73|2.00|0.00|1.00
25.00|0.00|41.33|0.00|0.00|0.00
28.00|1.00|23.80|2.00|0.00|3.00
46.00|1.00|33.44|1.00|0.00|0.00
34.00|1.00|34.21|0.00|0.00|2.00
35.00|0.00|34.10|3.00|1.00|1.00
19.00|1.00|35.53|0.00|0.00|1.00
46.00|0.00|19.95|2.00|0.00|1.00
54.00|0.00|32.68|0.00|0.00|0.00
27.00|1.00|30.50|0.00|0.00|3.00
50.00|1.00|44.77|1.00|0.00|2.00
18.00|0.00|32.12|2.00|0.00|2.00
19.00|0.00|30.50|0.00|0.00|1.00
38.00|0.00|40.56|1.00|0.00|1.00
41.00|1.00|30.59|2.00|0.00|1.00
49.00|0.00|31.90|5.00|0.00|3.00
48.00|1.00|40.56|2.00|1.00|1.00
31.00|0.00|29.10|0.00|0.00|3.00
18.00|0.00|37.29|1.00|0.00|2.00
30.00|0.00|43.12|2.00|0.00|2.00
62.00|0.00|36.86|1.00|0.00|0.00
57.00|0.00|34.30|2.00|0.00|0.00
58.00|0.00|27.17|0.00|0.00|1.00
22.00|1.00|26.84|0.00|0.00|2.00
31.00|0.00|38.09|1.00|1.00|0.00
52.00|1.00|30.20|1.00|0.00|3.00
25.00|0.00|23.46|0.00|0.00|0.00
59.00|1.00|25.46|1.00|0.00|0.00
19.00|1.00|30.59|0.00|0.00|1.00
39.00|1.00|45.43|2.00|0.00|2.00
32.00|0.00|23.65|1.00|0.00|2.00
19.00|1.00|20.70|0.00|0.00|3.00
33.00|0.00|28.27|1.00|0.00|2.00
21.00|1.00|20.23|3.00|0.00|0.00
34.00|0.00|30.21|1.00|1.00|1.00
61.00|0.00|35.91|0.00|0.00|0.00
38.00|0.00|30.69|1.00|0.00|2.00
58.00|0.00|29.00|0.00|0.00|3.00
47.00|1.00|19.57|1.00|0.00|1.00
20.00|1.00|31.13|2.00|0.00|2.00
21.00|0.00|21.85|1.00|1.00|0.00
41.00|1.00|40.26|0.00|0.00|2.00
46.00|0.00|33.73|1.00|0.00|0.00
42.00|0.00|29.48|2.00|0.00|2.00
34.00|0.00|33.25|1.00|0.00|0.00
43.00|1.00|32.60|2.00|0.00|3.00
52.00|0.00|37.52|2.00|0.00|1.00
18.00|0.00|39.16|0.00|0.00|2.00
51.00|1.00|31.64|0.00|0.00|1.00
56.00|0.00|25.30|0.00|0.00|3.00
64.00|0.00|39.05|3.00|0.00|2.00
19.00|0.00|28.31|0.00|1.00|1.00
51.00|0.00|34.10|0.00|0.00|2.00
27.00|0.00|25.18|0.00|0.00|0.00
59.00|0.00|23.66|0.00|1.00|1.00
28.00|1.00|26.98|2.00|0.00|0.00
30.00|1.00|37.80|2.00|1.00|3.00
47.00|0.00|29.37|1.00|0.00|2.00
38.00|0.00|34.80|2.00|0.00|3.00
18.00|0.00|33.16|0.00|0.00|0.00
34.00|0.00|19.00|3.00|0.00|0.00
20.00|0.00|33.00|0.00|0.00|2.00
47.00|0.00|36.63|1.00|1.00|2.00
56.00|0.00|28.59|0.00|0.00|0.00
49.00|1.00|25.60|2.00|1.00|3.00
19.00|0.00|33.11|0.00|1.00|2.00
55.00|0.00|37.10|0.00|0.00|3.00
30.00|1.00|31.40|1.00|0.00|3.00
37.00|1.00|34.10|4.00|1.00|3.00
49.00|0.00|21.30|1.00|0.00|3.00
18.00|1.00|33.53|0.00|1.00|0.00
59.00|1.00|28.79|0.00|0.00|1.00
29.00|0.00|26.03|0.00|0.00|1.00
36.00|1.00|28.88|3.00|0.00|0.00
33.00|1.00|42.46|1.00|0.00|2.00
58.00|1.00|38.00|0.00|0.00|3.00
44.00|0.00|38.95|0.00|1.00|1.00
53.00|1.00|36.10|1.00|0.00|3.00
24.00|1.00|29.30|0.00|0.00|3.00
29.00|0.00|35.53|0.00|0.00|2.00
40.00|1.00|22.70|2.00|0.00|0.00
51.00|1.00|39.70|1.00|0.00|3.00
64.00|1.00|38.19|0.00|0.00|0.00
19.00|0.00|24.51|1.00|0.00|1.00
35.00|0.00|38.09|2.00|0.00|0.00
39.00|1.00|26.41|0.00|1.00|0.00
56.00|1.00|33.66|4.00|0.00|2.00
33.00|1.00|42.40|5.00|0.00|3.00
42.00|1.00|28.31|3.00|1.00|1.00
61.00|1.00|33.91|0.00|0.00|0.00
23.00|0.00|34.96|3.00|0.00|1.00
43.00|1.00|35.31|2.00|0.00|2.00
48.00|1.00|30.78|3.00|0.00|0.00
39.00|1.00|26.22|1.00|0.00|1.00
40.00|0.00|23.37|3.00|0.00|0.00
18.00|1.00|28.50|0.00|0.00|0.00
58.00|0.00|32.97|0.00|0.00|0.00
49.00|0.00|42.68|2.00|0.00|2.00
53.00|0.00|39.60|1.00|0.00|2.00
48.00|0.00|31.13|0.00|0.00|2.00
45.00|0.00|36.30|2.00|0.00|2.00
59.00|0.00|35.20|0.00|0.00|2.00
52.00|0.00|25.30|2.00|1.00|2.00
26.00|0.00|42.40|1.00|0.00|3.00
27.00|1.00|33.16|2.00|0.00|1.00
48.00|0.00|35.91|1.00|0.00|0.00
57.00|0.00|28.79|4.00|0.00|0.00
37.00|1.00|46.53|3.00|0.00|2.00
57.00|0.00|23.98|1.00|0.00|2.00
32.00|0.00|31.54|1.00|0.00|0.00
18.00|1.00|33.66|0.00|0.00|2.00
64.00|0.00|22.99|0.00|1.00|2.00
43.00|1.00|38.06|2.00|1.00|2.00
49.00|1.00|28.70|1.00|0.00|3.00
40.00|0.00|32.77|2.00|1.00|1.00
62.00|1.00|32.02|0.00|1.00|0.00
40.00|0.00|29.81|1.00|0.00|2.00
30.00|1.00|31.57|3.00|0.00|2.00
29.00|0.00|31.16|0.00|0.00|0.00
36.00|1.00|29.70|0.00|0.00|2.00
41.00|0.00|31.02|0.00|0.00|2.00
44.00|0.00|43.89|2.00|1.00|2.00
45.00|1.00|21.38|0.00|0.00|1.00
55.00|0.00|40.81|3.00|0.00|2.00
60.00|1.00|31.35|3.00|1.00|1.00
56.00|1.00|36.10|3.00|0.00|3.00
49.00|0.00|23.18|2.00|0.00|1.00
21.00|0.00|17.40|1.00|0.00|3.00
19.00|1.00|20.30|0.00|0.00|3.00
39.00|1.00|35.30|2.00|1.00|3.00
53.00|1.00|24.32|0.00|0.00|1.00
33.00|0.00|18.50|1.00|0.00|3.00
53.00|1.00|26.41|2.00|0.00|0.00
42.00|1.00|26.12|2.00|0.00|0.00
40.00|1.00|41.69|0.00|0.00|2.00
47.00|0.00|24.10|1.00|0.00|3.00
27.00|1.00|31.13|1.00|1.00|2.00
21.00|1.00|27.36|0.00|0.00|0.00
47.00|1.00|36.20|1.00|0.00|3.00
20.00|1.00|32.40|1.00|0.00|1.00
24.00|1.00|23.66|0.00|0.00|1.00
27.00|0.00|34.80|1.00|0.00|3.00
26.00|0.00|40.19|0.00|0.00|1.00
53.00|0.00|32.30|2.00|0.00|0.00
41.00|1.00|35.75|1.00|1.00|2.00
56.00|1.00|33.73|0.00|0.00|1.00
23.00|0.00|39.27|2.00|0.00|2.00
21.00|0.00|34.87|0.00|0.00|2.00
50.00|0.00|44.74|0.00|0.00|0.00
53.00|1.00|41.47|0.00|0.00|2.00
34.00|0.00|26.41|1.00|0.00|1.00
47.00|0.00|29.55|1.00|0.00|1.00
33.00|0.00|32.90|2.00|0.00|3.00
51.00|0.00|38.06|0.00|1.00|2.00
49.00|1.00|28.69|3.00|0.00|1.00
31.00|0.00|30.50|3.00|0.00|0.00
36.00|0.00|27.74|0.00|0.00|0.00
18.00|1.00|35.20|1.00|0.00|2.00
50.00|0.00|23.54|2.00|0.00|2.00
43.00|0.00|30.68|2.00|0.00|1.00
20.00|1.00|40.47|0.00|0.00|0.00
24.00|0.00|22.60|0.00|0.00|3.00
60.00|1.00|28.90|0.00|0.00|3.00
49.00|0.00|22.61|1.00|0.00|1.00
60.00|1.00|24.32|1.00|0.00|1.00
51.00|0.00|36.67|2.00|0.00|1.00
58.00|0.00|33.44|0.00|0.00|1.00
51.00|0.00|40.66|0.00|0.00|0.00
53.00|1.00|36.60|3.00|0.00|3.00
62.00|1.00|37.40|0.00|0.00|3.00
19.00|1.00|35.40|0.00|0.00|3.00
50.00|0.00|27.07|1.00|0.00|0.00
30.00|0.00|39.05|3.00|1.00|2.00
41.00|1.00|28.41|1.00|0.00|1.00
29.00|0.00|21.75|1.00|1.00|0.00
18.00|0.00|40.28|0.00|0.00|0.00
41.00|0.00|36.08|1.00|0.00|2.00
35.00|1.00|24.42|3.00|1.00|2.00
53.00|1.00|21.40|1.00|0.00|3.00
24.00|0.00|30.10|3.00|0.00|3.00
48.00|0.00|27.27|1.00|0.00|0.00
59.00|0.00|32.10|3.00|0.00|3.00
49.00|0.00|34.77|1.00|0.00|1.00
37.00|0.00|38.39|0.00|1.00|2.00
26.00|1.00|23.70|2.00|0.00|3.00
23.00|1.00|31.73|3.00|1.00|0.00
29.00|1.00|35.50|2.00|1.00|3.00
45.00|1.00|24.04|2.00|0.00|0.00
27.00|1.00|29.15|0.00|1.00|2.00
53.00|1.00|34.10|0.00|1.00|0.00
31.00|0.00|26.62|0.00|0.00|2.00
50.00|1.00|26.41|0.00|0.00|1.00
50.00|0.00|30.11|1.00|0.00|1.00
34.00|1.00|27.00|2.00|0.00|3.00
19.00|1.00|21.75|0.00|0.00|1.00
47.00|0.00|36.00|1.00|0.00|3.00
28.00|1.00|30.88|0.00|0.00|1.00
37.00|0.00|26.40|0.00|1.00|2.00
21.00|1.00|28.98|0.00|0.00|1.00
64.00|1.00|37.91|0.00|0.00|1.00
58.00|0.00|22.77|0.00|0.00|2.00
24.00|1.00|33.63|4.00|0.00|0.00
31.00|1.00|27.64|2.00|0.00|0.00
39.00|0.00|22.80|3.00|0.00|0.00
47.00|0.00|27.83|0.00|1.00|2.00
30.00|1.00|37.43|3.00|0.00|0.00
18.00|1.00|38.17|0.00|1.00|2.00
22.00|0.00|34.58|2.00|0.00|0.00
23.00|1.00|35.20|1.00|0.00|3.00
33.00|1.00|27.10|1.00|1.00|3.00
27.00|1.00|26.03|0.00|0.00|0.00
45.00|0.00|25.18|2.00|0.00|0.00
57.00|0.00|31.82|0.00|0.00|1.00
47.00|1.00|32.30|1.00|0.00|3.00
42.00|0.00|29.00|1.00|0.00|3.00
64.00|0.00|39.70|0.00|0.00|3.00
38.00|0.00|19.48|2.00|0.00|1.00
61.00|1.00|36.10|3.00|0.00|3.00
53.00|0.00|26.70|2.00|0.00|3.00
44.00|0.00|36.48|0.00|0.00|0.00
19.00|0.00|28.88|0.00|1.00|1.00
41.00|1.00|34.20|2.00|0.00|1.00
51.00|1.00|33.33|3.00|0.00|2.00
40.00|1.00|32.30|2.00|0.00|1.00
45.00|1.00|39.80|0.00|0.00|0.00
35.00|1.00|34.32|3.00|0.00|2.00
53.00|1.00|28.88|0.00|0.00|1.00
30.00|1.00|24.40|3.00|1.00|3.00
18.00|1.00|41.14|0.00|0.00|2.00
51.00|1.00|35.97|1.00|0.00|2.00
50.00|0.00|27.60|1.00|1.00|3.00
31.00|0.00|29.26|1.00|0.00|2.00
35.00|0.00|27.70|3.00|0.00|3.00
60.00|1.00|36.95|0.00|0.00|0.00
21.00|1.00|36.86|0.00|0.00|1.00
29.00|1.00|22.52|3.00|0.00|0.00
62.00|0.00|29.92|0.00|0.00|2.00
39.00|0.00|41.80|0.00|0.00|2.00
19.00|1.00|27.60|0.00|0.00|3.00
22.00|0.00|23.18|0.00|0.00|0.00
53.00|1.00|20.90|0.00|1.00|2.00
39.00|0.00|31.92|2.00|0.00|1.00
27.00|1.00|28.50|0.00|1.00|1.00
30.00|1.00|44.22|2.00|0.00|2.00
30.00|0.00|22.89|1.00|0.00|0.00
58.00|0.00|33.10|0.00|0.00|3.00
33.00|1.00|24.80|0.00|1.00|0.00
42.00|0.00|26.18|1.00|0.00|2.00
64.00|0.00|35.97|0.00|0.00|2.00
21.00|1.00|22.30|1.00|0.00|3.00
18.00|0.00|42.24|0.00|1.00|2.00
23.00|1.00|26.51|0.00|0.00|2.00
45.00|0.00|35.81|0.00|0.00|1.00
40.00|0.00|41.42|1.00|0.00|1.00
19.00|0.00|36.58|0.00|0.00|1.00
18.00|1.00|30.14|0.00|0.00|2.00
25.00|1.00|25.84|1.00|0.00|0.00
46.00|0.00|30.80|3.00|0.00|3.00
33.00|0.00|42.94|3.00|0.00|1.00
54.00|1.00|21.01|2.00|0.00|2.00
28.00|1.00|22.52|2.00|0.00|0.00
36.00|1.00|34.43|2.00|0.00|2.00
20.00|0.00|31.46|0.00|0.00|2.00
24.00|0.00|24.23|0.00|0.00|1.00
23.00|1.00|37.10|3.00|0.00|3.00
47.00|0.00|26.12|1.00|1.00|0.00
33.00|0.00|35.53|0.00|1.00|1.00
45.00|1.00|33.70|1.00|0.00|3.00
26.00|1.00|17.67|0.00|0.00|1.00
18.00|0.00|31.13|0.00|0.00|2.00
44.00|0.00|29.81|2.00|0.00|2.00
60.00|1.00|24.32|0.00|0.00|1.00
64.00|0.00|31.82|2.00|0.00|0.00
56.00|1.00|31.79|2.00|1.00|2.00
36.00|1.00|28.02|1.00|1.00|0.00
41.00|1.00|30.78|3.00|1.00|0.00
39.00|1.00|21.85|1.00|0.00|1.00
63.00|1.00|33.10|0.00|0.00|3.00
36.00|0.00|25.84|0.00|0.00|1.00
28.00|0.00|23.84|2.00|0.00|1.00
58.00|1.00|34.39|0.00|0.00|1.00
36.00|1.00|33.82|1.00|0.00|1.00
42.00|1.00|35.97|2.00|0.00|2.00
36.00|1.00|31.50|0.00|0.00|3.00
56.00|0.00|28.31|0.00|0.00|0.00
35.00|0.00|23.46|2.00|0.00|0.00
59.00|0.00|31.35|0.00|0.00|1.00
21.00|1.00|31.10|0.00|0.00|3.00
59.00|1.00|24.70|0.00|0.00|0.00
23.00|0.00|32.78|2.00|1.00|2.00
57.00|0.00|29.81|0.00|1.00|2.00
53.00|1.00|30.50|0.00|0.00|0.00
60.00|0.00|32.45|0.00|1.00|2.00
51.00|0.00|34.20|1.00|0.00|3.00
23.00|1.00|50.38|1.00|0.00|2.00
27.00|0.00|24.10|0.00|0.00|3.00
55.00|1.00|32.77|0.00|0.00|1.00
37.00|0.00|30.78|0.00|1.00|0.00
61.00|1.00|32.30|2.00|0.00|1.00
46.00|0.00|35.53|0.00|1.00|0.00
53.00|0.00|23.75|2.00|0.00|0.00
49.00|0.00|23.84|3.00|1.00|0.00
20.00|0.00|29.60|0.00|0.00|3.00
48.00|0.00|33.11|0.00|1.00|2.00
25.00|1.00|24.13|0.00|1.00|1.00
25.00|0.00|32.23|1.00|0.00|2.00
57.00|1.00|28.10|0.00|0.00|3.00
37.00|0.00|47.60|2.00|1.00|3.00
38.00|0.00|28.00|3.00|0.00|3.00
55.00|0.00|33.53|2.00|0.00|1.00
36.00|0.00|19.86|0.00|0.00|0.00
51.00|1.00|25.40|0.00|0.00|3.00
40.00|1.00|29.90|2.00|0.00|3.00
18.00|1.00|37.29|0.00|0.00|2.00
57.00|1.00|43.70|1.00|0.00|3.00
61.00|1.00|23.66|0.00|0.00|0.00
25.00|0.00|24.30|3.00|0.00|3.00
50.00|1.00|36.20|0.00|0.00|3.00
26.00|0.00|29.48|1.00|0.00|2.00
42.00|1.00|24.86|0.00|0.00|2.00
43.00|1.00|30.10|1.00|0.00|3.00
44.00|1.00|21.85|3.00|0.00|0.00
23.00|0.00|28.12|0.00|0.00|1.00
49.00|0.00|27.10|1.00|0.00|3.00
33.00|1.00|33.44|5.00|0.00|2.00
41.00|1.00|28.80|1.00|0.00|3.00
37.00|0.00|29.50|2.00|0.00|3.00
22.00|1.00|34.80|3.00|0.00|3.00
23.00|1.00|27.36|1.00|0.00|1.00
21.00|0.00|22.14|0.00|0.00|0.00
51.00|0.00|37.05|3.00|1.00|0.00
25.00|1.00|26.70|4.00|0.00|1.00
32.00|1.00|28.93|1.00|1.00|2.00
57.00|1.00|28.98|0.00|1.00|0.00
36.00|0.00|30.02|0.00|0.00|1.00
22.00|1.00|39.50|0.00|0.00|3.00
57.00|1.00|33.63|1.00|0.00|1.00
64.00|0.00|26.89|0.00|1.00|1.00
36.00|0.00|29.04|4.00|0.00|2.00
54.00|1.00|24.04|0.00|0.00|0.00
47.00|1.00|38.94|2.00|1.00|2.00
62.00|1.00|32.11|0.00|0.00|0.00
61.00|0.00|44.00|0.00|0.00|3.00
43.00|0.00|20.05|2.00|1.00|0.00
19.00|1.00|25.55|1.00|0.00|1.00
18.00|0.00|40.26|0.00|0.00|2.00
19.00|0.00|22.52|0.00|0.00|1.00
49.00|1.00|22.52|0.00|0.00|0.00
60.00|1.00|40.92|0.00|1.00|2.00
26.00|1.00|27.27|3.00|0.00|0.00
49.00|1.00|36.85|0.00|0.00|2.00
60.00|0.00|35.10|0.00|0.00|3.00
26.00|0.00|29.36|2.00|0.00|0.00
27.00|1.00|32.59|3.00|0.00|0.00
44.00|0.00|32.34|1.00|0.00|2.00
63.00|1.00|39.80|3.00|0.00|3.00
32.00|0.00|24.60|0.00|1.00|3.00
22.00|1.00|28.31|1.00|0.00|1.00
18.00|1.00|31.73|0.00|1.00|0.00
59.00|0.00|26.70|3.00|0.00|1.00
44.00|0.00|27.50|1.00|0.00|3.00
33.00|1.00|24.61|2.00|0.00|1.00
24.00|0.00|33.99|0.00|0.00|2.00
43.00|0.00|26.89|0.00|1.00|1.00
45.00|1.00|22.89|0.00|1.00|0.00
61.00|0.00|28.20|0.00|0.00|3.00
35.00|0.00|34.21|1.00|0.00|2.00
62.00|0.00|25.00|0.00|0.00|3.00
62.00|0.00|33.20|0.00|0.00|3.00
38.00|1.00|31.00|1.00|0.00|3.00
34.00|1.00|35.81|0.00|0.00|1.00
43.00|1.00|23.20|0.00|0.00|3.00
50.00|1.00|32.11|2.00|0.00|0.00
19.00|0.00|23.40|2.00|0.00|3.00
57.00|0.00|20.10|1.00|0.00|3.00
62.00|0.00|39.16|0.00|0.00|2.00
41.00|1.00|34.21|1.00|0.00|2.00
26.00|1.00|46.53|1.00|0.00|2.00
39.00|0.00|32.50|1.00|0.00|3.00
46.00|1.00|25.80|5.00|0.00|3.00
45.00|0.00|35.30|0.00|0.00|3.00
32.00|1.00|37.18|2.00|0.00|2.00
59.00|0.00|27.50|0.00|0.00|3.00
44.00|1.00|29.73|2.00|0.00|0.00
39.00|0.00|24.23|5.00|0.00|1.00
18.00|1.00|26.18|2.00|0.00|2.00
53.00|1.00|29.48|0.00|0.00|2.00
18.00|1.00|23.21|0.00|0.00|2.00
50.00|0.00|46.09|1.00|0.00|2.00
18.00|0.00|40.19|0.00|0.00|0.00
19.00|1.00|22.61|0.00|0.00|1.00
62.00|1.00|39.93|0.00|0.00|2.00
56.00|0.00|35.80|1.00|0.00|3.00
42.00|1.00|35.80|2.00|0.00|3.00
37.00|1.00|34.20|1.00|1.00|0.00
42.00|1.00|31.25|0.00|0.00|1.00
25.00|1.00|29.70|3.00|1.00|3.00
57.00|1.00|18.34|0.00|0.00|0.00
51.00|1.00|42.90|2.00|1.00|2.00
30.00|0.00|28.41|1.00|0.00|1.00
44.00|1.00|30.20|2.00|1.00|3.00
34.00|1.00|27.84|1.00|1.00|1.00
31.00|1.00|39.49|1.00|0.00|2.00
54.00|1.00|30.80|1.00|1.00|2.00
24.00|1.00|26.79|1.00|0.00|1.00
43.00|1.00|34.96|1.00|1.00|0.00
48.00|1.00|36.67|1.00|0.00|1.00
19.00|0.00|39.62|1.00|0.00|1.00
29.00|0.00|25.90|0.00|0.00|3.00
63.00|0.00|35.20|1.00|0.00|2.00
46.00|1.00|24.80|3.00|0.00|0.00
52.00|1.00|36.77|2.00|0.00|1.00
35.00|1.00|27.10|1.00|0.00|3.00
51.00|1.00|24.80|2.00|1.00|1.00
44.00|1.00|25.36|1.00|0.00|1.00
21.00|1.00|25.75|2.00|0.00|0.00
39.00|0.00|34.32|5.00|0.00|2.00
50.00|0.00|28.16|3.00|0.00|2.00
34.00|0.00|23.56|0.00|0.00|0.00
22.00|0.00|20.23|0.00|0.00|1.00
19.00|0.00|40.50|0.00|0.00|3.00
26.00|1.00|35.42|0.00|0.00|2.00
29.00|1.00|22.89|0.00|1.00|0.00
48.00|1.00|40.15|0.00|0.00|2.00
26.00|1.00|29.15|1.00|0.00|2.00
45.00|0.00|39.99|3.00|0.00|0.00
36.00|0.00|29.92|0.00|0.00|2.00
54.00|1.00|25.46|1.00|0.00|0.00
34.00|1.00|21.38|0.00|0.00|0.00
31.00|1.00|25.90|3.00|1.00|3.00
27.00|0.00|30.59|1.00|0.00|0.00
20.00|1.00|30.11|5.00|0.00|0.00
44.00|0.00|25.80|1.00|0.00|3.00
43.00|1.00|30.11|3.00|0.00|1.00
45.00|0.00|27.64|1.00|0.00|1.00
34.00|1.00|34.67|0.00|0.00|0.00
24.00|0.00|20.52|0.00|1.00|0.00
26.00|0.00|19.80|1.00|0.00|3.00
38.00|0.00|27.84|2.00|0.00|0.00
50.00|0.00|31.60|2.00|0.00|3.00
38.00|1.00|28.27|1.00|0.00|2.00
27.00|0.00|20.05|3.00|1.00|1.00
39.00|0.00|23.27|3.00|0.00|0.00
39.00|0.00|34.10|3.00|0.00|3.00
63.00|0.00|36.85|0.00|0.00|2.00
33.00|0.00|36.29|3.00|0.00|0.00
36.00|0.00|26.89|0.00|0.00|1.00
30.00|1.00|22.99|2.00|1.00|1.00
24.00|1.00|32.70|0.00|1.00|3.00
24.00|1.00|25.80|0.00|0.00|3.00
48.00|1.00|29.60|0.00|0.00|3.00
47.00|1.00|19.19|1.00|0.00|0.00
29.00|1.00|31.73|2.00|0.00|1.00
28.00|1.00|29.26|2.00|0.00|0.00
47.00|1.00|28.21|3.00|1.00|1.00
25.00|1.00|24.98|2.00|0.00|0.00
51.00|1.00|27.74|1.00|0.00|0.00
48.00|0.00|22.80|0.00|0.00|3.00
43.00|1.00|20.13|2.00|1.00|2.00
61.00|0.00|33.33|4.00|0.00|2.00
48.00|1.00|32.30|1.00|0.00|1.00
38.00|0.00|27.60|0.00|0.00|3.00
59.00|1.00|25.46|0.00|0.00|1.00
19.00|0.00|24.61|1.00|0.00|1.00
26.00|0.00|34.20|2.00|0.00|3.00
54.00|0.00|35.81|3.00|0.00|1.00
21.00|0.00|32.68|2.00|0.00|1.00
51.00|1.00|37.00|0.00|0.00|3.00
22.00|0.00|31.02|3.00|1.00|2.00
47.00|1.00|36.08|1.00|1.00|2.00
18.00|1.00|23.32|1.00|0.00|2.00
47.00|0.00|45.32|1.00|0.00|2.00
21.00|0.00|34.60|0.00|0.00|3.00
19.00|1.00|26.03|1.00|1.00|1.00
23.00|1.00|18.71|0.00|0.00|1.00
54.00|1.00|31.60|0.00|0.00|3.00
37.00|0.00|17.29|2.00|0.00|0.00
46.00|0.00|23.66|1.00|1.00|1.00
55.00|0.00|35.20|0.00|1.00|2.00
30.00|0.00|27.93|0.00|0.00|0.00
18.00|1.00|21.57|0.00|1.00|0.00
61.00|1.00|38.38|0.00|0.00|1.00
54.00|0.00|23.00|3.00|0.00|3.00
22.00|1.00|37.07|2.00|1.00|2.00
45.00|0.00|30.50|1.00|1.00|1.00
22.00|1.00|28.88|0.00|0.00|0.00
19.00|1.00|27.27|2.00|0.00|1.00
35.00|0.00|28.02|0.00|1.00|1.00
18.00|1.00|23.09|0.00|0.00|0.00
20.00|1.00|30.68|0.00|1.00|0.00
28.00|0.00|25.80|0.00|0.00|3.00
55.00|1.00|35.24|1.00|0.00|0.00
43.00|0.00|24.70|2.00|1.00|1.00
43.00|0.00|25.08|0.00|0.00|0.00
22.00|1.00|52.58|1.00|1.00|2.00
25.00|0.00|22.52|1.00|0.00|1.00
49.00|1.00|30.90|0.00|1.00|3.00
44.00|0.00|36.95|1.00|0.00|1.00
64.00|1.00|26.41|0.00|0.00|0.00
49.00|1.00|29.83|1.00|0.00|0.00
47.00|1.00|29.80|3.00|1.00|3.00
27.00|0.00|21.47|0.00|0.00|1.00
55.00|1.00|27.64|0.00|0.00|1.00
48.00|0.00|28.90|0.00|0.00|3.00
45.00|0.00|31.79|0.00|0.00|2.00
24.00|0.00|39.49|0.00|0.00|2.00
32.00|1.00|33.82|1.00|0.00|1.00
24.00|1.00|32.01|0.00|0.00|2.00
57.00|1.00|27.94|1.00|0.00|2.00
59.00|1.00|41.14|1.00|1.00|2.00
36.00|1.00|28.59|3.00|0.00|1.00
29.00|0.00|25.60|4.00|0.00|3.00
42.00|0.00|25.30|1.00|0.00|3.00
48.00|1.00|37.29|2.00|0.00|2.00
39.00|1.00|42.66|0.00|0.00|0.00
63.00|1.00|21.66|1.00|0.00|1.00
54.00|0.00|31.90|1.00|0.00|2.00
37.00|1.00|37.07|1.00|1.00|2.00
63.00|1.00|31.45|0.00|0.00|0.00
21.00|1.00|31.25|0.00|0.00|1.00
54.00|0.00|28.88|2.00|0.00|0.00
60.00|0.00|18.34|0.00|0.00|0.00
32.00|0.00|29.59|1.00|0.00|2.00
47.00|0.00|32.00|1.00|0.00|3.00
21.00|1.00|26.03|0.00|0.00|0.00
28.00|1.00|31.68|0.00|1.00|2.00
63.00|1.00|33.66|3.00|0.00|2.00
18.00|1.00|21.78|2.00|0.00|2.00
32.00|1.00|27.84|1.00|0.00|1.00
38.00|1.00|19.95|1.00|0.00|1.00
32.00|1.00|31.50|1.00|0.00|3.00
62.00|0.00|30.50|2.00|0.00|1.00
39.00|0.00|18.30|5.00|1.00|3.00
55.00|1.00|28.98|0.00|0.00|0.00
57.00|1.00|31.54|0.00|0.00|1.00
52.00|1.00|47.74|1.00|0.00|2.00
56.00|1.00|22.10|0.00|0.00|3.00
47.00|1.00|36.19|0.00|1.00|2.00
55.00|0.00|29.83|0.00|0.00|0.00
23.00|1.00|32.70|3.00|0.00|3.00
22.00|0.00|30.40|0.00|1.00|1.00
50.00|0.00|33.70|4.00|0.00|3.00
18.00|0.00|31.35|4.00|0.00|0.00
51.00|0.00|34.96|2.00|1.00|0.00
22.00|1.00|33.77|0.00|0.00|2.00
52.00|0.00|30.88|0.00|0.00|0.00
25.00|0.00|33.99|1.00|0.00|2.00
33.00|0.00|19.09|2.00|1.00|0.00
53.00|1.00|28.60|3.00|0.00|3.00
29.00|1.00|38.94|1.00|0.00|2.00
58.00|1.00|36.08|0.00|0.00|2.00
37.00|1.00|29.80|0.00|0.00|3.00
54.00|0.00|31.24|0.00|0.00|2.00
49.00|0.00|29.93|0.00|0.00|1.00
50.00|0.00|26.22|2.00|0.00|1.00
26.00|1.00|30.00|1.00|0.00|3.00
45.00|1.00|20.35|3.00|0.00|2.00
54.00|0.00|32.30|1.00|0.00|0.00
38.00|1.00|38.39|3.00|1.00|2.00
48.00|0.00|25.85|3.00|1.00|2.00
28.00|0.00|26.32|3.00|0.00|1.00
23.00|1.00|24.51|0.00|0.00|0.00
55.00|1.00|32.67|1.00|0.00|2.00
41.00|1.00|29.64|5.00|0.00|0.00
25.00|1.00|33.33|2.00|1.00|2.00
33.00|1.00|35.75|1.00|1.00|2.00
30.00|0.00|19.95|3.00|0.00|1.00
23.00|0.00|31.40|0.00|1.00|3.00
46.00|1.00|38.17|2.00|0.00|2.00
53.00|0.00|36.86|3.00|1.00|1.00
27.00|0.00|32.40|1.00|0.00|0.00
23.00|0.00|42.75|1.00|1.00|0.00
63.00|0.00|25.08|0.00|0.00|1.00
55.00|1.00|29.90|0.00|0.00|3.00
35.00|0.00|35.86|2.00|0.00|2.00
34.00|1.00|32.80|1.00|0.00|3.00
19.00|0.00|18.60|0.00|0.00|3.00
39.00|0.00|23.87|5.00|0.00|2.00
27.00|1.00|45.90|2.00|0.00|3.00
57.00|1.00|40.28|0.00|0.00|0.00
52.00|0.00|18.34|0.00|0.00|1.00
28.00|1.00|33.82|0.00|0.00|1.00
50.00|0.00|28.12|3.00|0.00|1.00
44.00|0.00|25.00|1.00|0.00|3.00
26.00|0.00|22.23|0.00|0.00|1.00
33.00|1.00|30.25|0.00|0.00|2.00
19.00|0.00|32.49|0.00|1.00|1.00
50.00|1.00|37.07|1.00|0.00|2.00
41.00|0.00|32.60|3.00|0.00|3.00
52.00|0.00|24.86|0.00|0.00|2.00
39.00|1.00|32.34|2.00|0.00|2.00
50.00|1.00|32.30|2.00|0.00|3.00
52.00|1.00|32.77|3.00|0.00|1.00
60.00|1.00|32.80|0.00|1.00|3.00
20.00|0.00|31.92|0.00|0.00|1.00
55.00|1.00|21.50|1.00|0.00|3.00
42.00|1.00|34.10|0.00|0.00|3.00
18.00|0.00|30.30|0.00|0.00|0.00
58.00|0.00|36.48|0.00|0.00|1.00
43.00|0.00|32.56|3.00|1.00|2.00
35.00|0.00|35.81|1.00|0.00|1.00
48.00|0.00|27.93|4.00|0.00|1.00
36.00|0.00|22.14|3.00|0.00|0.00
19.00|1.00|44.88|0.00|1.00|2.00
23.00|0.00|23.18|2.00|0.00|1.00
20.00|0.00|30.59|0.00|0.00|0.00
32.00|0.00|41.10|0.00|0.00|3.00
43.00|0.00|34.58|1.00|0.00|1.00
34.00|1.00|42.13|2.00|0.00|2.00
30.00|1.00|38.83|1.00|0.00|2.00
18.00|0.00|28.21|0.00|0.00|0.00
41.00|0.00|28.31|1.00|0.00|1.00
35.00|0.00|26.12|0.00|0.00|0.00
57.00|1.00|40.37|0.00|0.00|2.00
29.00|0.00|24.60|2.00|0.00|3.00
32.00|1.00|35.20|2.00|0.00|3.00
37.00|0.00|34.10|1.00|0.00|1.00
18.00|1.00|27.36|1.00|1.00|0.00
43.00|0.00|26.70|2.00|1.00|3.00
56.00|0.00|41.91|0.00|0.00|2.00
38.00|1.00|29.26|2.00|0.00|1.00
29.00|1.00|32.11|2.00|0.00|1.00
22.00|0.00|27.10|0.00|0.00|3.00
52.00|0.00|24.13|1.00|1.00|1.00
40.00|0.00|27.40|1.00|0.00|3.00
23.00|0.00|34.87|0.00|0.00|0.00
31.00|1.00|29.81|0.00|1.00|2.00
42.00|0.00|41.33|1.00|0.00|0.00
24.00|0.00|29.93|0.00|0.00|1.00
25.00|0.00|30.30|0.00|0.00|3.00
48.00|0.00|27.36|1.00|0.00|0.00
23.00|0.00|28.49|1.00|1.00|2.00
45.00|1.00|23.56|2.00|0.00|0.00
20.00|1.00|35.62|3.00|1.00|1.00
62.00|0.00|32.68|0.00|0.00|1.00
43.00|0.00|25.27|1.00|1.00|0.00
23.00|0.00|28.00|0.00|0.00|3.00
31.00|0.00|32.77|2.00|0.00|1.00
41.00|0.00|21.75|1.00|0.00|0.00
58.00|0.00|32.40|1.00|0.00|0.00
48.00|0.00|36.58|0.00|0.00|1.00
31.00|0.00|21.75|0.00|0.00|1.00
19.00|0.00|27.93|3.00|0.00|1.00
19.00|0.00|30.02|0.00|1.00|1.00
41.00|1.00|33.55|0.00|0.00|2.00
40.00|1.00|29.36|1.00|0.00|1.00
31.00|0.00|25.80|2.00|0.00|3.00
37.00|1.00|24.32|2.00|0.00|1.00
46.00|1.00|40.38|2.00|0.00|1.00
22.00|1.00|32.11|0.00|0.00|1.00
51.00|1.00|32.30|1.00|0.00|0.00
18.00|0.00|27.28|3.00|1.00|2.00
35.00|1.00|17.86|1.00|0.00|1.00
59.00|0.00|34.80|2.00|0.00|3.00
36.00|1.00|33.40|2.00|1.00|3.00
37.00|0.00|25.55|1.00|1.00|0.00
59.00|1.00|37.10|1.00|0.00|3.00
36.00|1.00|30.88|1.00|0.00|1.00
39.00|1.00|34.10|2.00|0.00|2.00
18.00|1.00|21.47|0.00|0.00|0.00
52.00|0.00|33.30|2.00|0.00|3.00
27.00|0.00|31.25|1.00|0.00|1.00
18.00|1.00|39.14|0.00|0.00|0.00
40.00|1.00|25.08|0.00|0.00|2.00
29.00|1.00|37.29|2.00|0.00|2.00
46.00|0.00|34.60|1.00|1.00|3.00
38.00|0.00|30.21|3.00|0.00|1.00
30.00|0.00|21.95|1.00|0.00|0.00
40.00|1.00|24.97|2.00|0.00|2.00
50.00|1.00|25.30|0.00|0.00|2.00
20.00|0.00|24.42|0.00|1.00|2.00
41.00|1.00|23.94|1.00|0.00|0.00
33.00|0.00|39.82|1.00|0.00|2.00
38.00|1.00|16.82|2.00|0.00|0.00
42.00|1.00|37.18|2.00|0.00|2.00
56.00|1.00|34.43|0.00|0.00|2.00
58.00|1.00|30.30|0.00|0.00|0.00
52.00|1.00|34.48|3.00|1.00|1.00
20.00|0.00|21.80|0.00|1.00|3.00
54.00|0.00|24.61|3.00|0.00|1.00
58.00|1.00|23.30|0.00|0.00|3.00
45.00|0.00|27.83|2.00|0.00|2.00
26.00|1.00|31.07|0.00|0.00|1.00
63.00|0.00|21.66|0.00|0.00|0.00
58.00|0.00|28.21|0.00|0.00|1.00
37.00|1.00|22.70|3.00|0.00|0.00
25.00|0.00|42.13|1.00|0.00|2.00
52.00|1.00|41.80|2.00|1.00|2.00
64.00|1.00|36.96|2.00|1.00|2.00
22.00|0.00|21.28|3.00|0.00|1.00
28.00|0.00|33.11|0.00|0.00|2.00
18.00|1.00|33.33|0.00|0.00|2.00
28.00|1.00|24.30|5.00|0.00|3.00
45.00|0.00|25.70|3.00|0.00|3.00
33.00|1.00|29.40|4.00|0.00|3.00
18.00|0.00|39.82|0.00|0.00|2.00
32.00|1.00|33.63|1.00|1.00|0.00
24.00|1.00|29.83|0.00|1.00|0.00
19.00|1.00|19.80|0.00|0.00|3.00
20.00|1.00|27.30|0.00|1.00|3.00
40.00|0.00|29.30|4.00|0.00|3.00
34.00|0.00|27.72|0.00|0.00|2.00
42.00|0.00|37.90|0.00|0.00|3.00
51.00|0.00|36.38|3.00|0.00|1.00
54.00|0.00|27.64|1.00|0.00|1.00
55.00|1.00|37.72|3.00|0.00|1.00
52.00|0.00|23.18|0.00|0.00|0.00
32.00|0.00|20.52|0.00|0.00|0.00
28.00|1.00|37.10|1.00|0.00|3.00
41.00|0.00|28.05|1.00|0.00|2.00
43.00|0.00|29.90|1.00|0.00|3.00
49.00|0.00|33.34|2.00|0.00|0.00
64.00|1.00|23.76|0.00|1.00|2.00
55.00|0.00|30.50|0.00|0.00|3.00
24.00|1.00|31.07|0.00|1.00|0.00
20.00|0.00|33.30|0.00|0.00|3.00
45.00|1.00|27.50|3.00|0.00|3.00
26.00|1.00|33.91|1.00|0.00|1.00
25.00|0.00|34.48|0.00|0.00|1.00
43.00|1.00|25.52|5.00|0.00|2.00
35.00|1.00|27.61|1.00|0.00|2.00
26.00|1.00|27.06|0.00|1.00|2.00
57.00|1.00|23.70|0.00|0.00|3.00
22.00|0.00|30.40|0.00|0.00|0.00
32.00|0.00|29.73|0.00|0.00|1.00
39.00|1.00|29.93|1.00|1.00|0.00
25.00|0.00|26.79|2.00|0.00|1.00
48.00|0.00|33.33|0.00|0.00|2.00
47.00|0.00|27.64|2.00|1.00|1.00
18.00|0.00|21.66|0.00|1.00|0.00
18.00|1.00|30.03|1.00|0.00|2.00
61.00|1.00|36.30|1.00|1.00|3.00
47.00|0.00|24.32|0.00|0.00|0.00
28.00|0.00|17.29|0.00|0.00|0.00
36.00|0.00|25.90|1.00|0.00|3.00
20.00|1.00|39.40|2.00|1.00|3.00
44.00|1.00|34.32|1.00|0.00|2.00
38.00|0.00|19.95|2.00|0.00|0.00
19.00|1.00|34.90|0.00|1.00|3.00
21.00|1.00|23.21|0.00|0.00|2.00
46.00|1.00|25.75|3.00|0.00|1.00
58.00|1.00|25.18|0.00|0.00|0.00
20.00|1.00|22.00|1.00|0.00|3.00
18.00|1.00|26.12|0.00|0.00|0.00
28.00|0.00|26.51|2.00|0.00|2.00
33.00|1.00|27.45|2.00|0.00|1.00
19.00|0.00|25.75|1.00|0.00|1.00
45.00|1.00|30.36|0.00|1.00|2.00
62.00|1.00|30.88|3.00|1.00|1.00
25.00|0.00|20.80|1.00|0.00|3.00
43.00|1.00|27.80|0.00|1.00|3.00
42.00|1.00|24.61|2.00|1.00|0.00
24.00|0.00|27.72|0.00|0.00|2.00
29.00|0.00|21.85|0.00|1.00|0.00
32.00|1.00|28.12|4.00|1.00|1.00
25.00|0.00|30.20|0.00|1.00|3.00
41.00|1.00|32.20|2.00|0.00|3.00
42.00|1.00|26.32|1.00|0.00|1.00
33.00|0.00|26.70|0.00|0.00|1.00
34.00|1.00|42.90|1.00|0.00|3.00
19.00|0.00|34.70|2.00|1.00|3.00
30.00|0.00|23.66|3.00|1.00|1.00
18.00|1.00|28.31|1.00|0.00|0.00
19.00|0.00|20.60|0.00|0.00|3.00
18.00|1.00|53.13|0.00|0.00|2.00
35.00|1.00|39.71|4.00|0.00|0.00
39.00|0.00|26.32|2.00|0.00|1.00
31.00|1.00|31.07|3.00|0.00|1.00
62.00|1.00|26.70|0.00|1.00|0.00
62.00|1.00|38.83|0.00|0.00|2.00
42.00|0.00|40.37|2.00|1.00|2.00
31.00|1.00|25.93|1.00|0.00|1.00
61.00|1.00|33.53|0.00|0.00|0.00
42.00|0.00|32.87|0.00|0.00|0.00
51.00|1.00|30.03|1.00|0.00|2.00
23.00|0.00|24.23|2.00|0.00|0.00
52.00|1.00|38.60|2.00|0.00|3.00
57.00|0.00|25.74|2.00|0.00|2.00
23.00|0.00|33.40|0.00|0.00|3.00
52.00|0.00|44.70|3.00|0.00|3.00
50.00|1.00|30.97|3.00|0.00|1.00
18.00|0.00|31.92|0.00|0.00|0.00
18.00|0.00|36.85|0.00|0.00|2.00
21.00|0.00|25.80|0.00|0.00|3.00
61.00|0.00|29.07|0.00|1.00|1.00
